<?xml version="1.0" encoding="UTF-8" standalone="no"?>
<!-- Created with Inkscape (http://www.inkscape.org/) -->

<svg
   width="180mm"
   height="180mm"
   viewBox="0 0 180 180"
   version="1.1"
   id="svg1"
   xmlns:xlink="http://www.w3.org/1999/xlink"
   xmlns="http://www.w3.org/2000/svg"
   xmlns:svg="http://www.w3.org/2000/svg">
  <defs
     id="defs1">
    <linearGradient
       xlink:href="#linearGradient10"
       id="linearGradient11"
       x1="80.833679"
       y1="129.49129"
       x2="174.48146"
       y2="262.72598"
       gradientUnits="userSpaceOnUse"
       gradientTransform="matrix(0.88807411,0,0,0.88807411,66.623366,35.918242)" />
    <linearGradient
       id="linearGradient10">
      <stop
         style="stop-color:#009cde;stop-opacity:1;"
         offset="0"
         id="stop10" />
      <stop
         style="stop-color:#005c81;stop-opacity:1;"
         offset="1"
         id="stop11" />
    </linearGradient>
    <linearGradient
       xlink:href="#linearGradient10"
       id="linearGradient16"
       gradientUnits="userSpaceOnUse"
       x1="170.76723"
       y1="153.00298"
       x2="64.630493"
       y2="289.85529" />
  </defs>
  <g
     id="layer1"
     transform="translate(-83.079107,-108.74379)">
    <path
       d="m 227.64023,175.4668 c -0.0987,-0.1977 -0.19803,-0.29638 -0.39519,-0.49421 -9.68622,-10.87235 -23.42475,-26.29134 -33.30901,-37.26253 -3.06411,-3.26171 -6.12816,-6.52346 -8.99448,-9.88402 -0.69191,-0.79066 -1.28487,-1.58138 -1.97677,-2.37211 -0.59307,-0.59306 -0.88958,-0.98842 -0.88958,-0.98842 h 0.0987 c -3.36056,-3.95352 -6.02921,-8.40132 -7.90714,-13.14563 l -0.49421,-1.08724 c 0,-0.0987 -0.099,-0.0987 -0.1977,-0.1977 -0.0987,0 -0.29671,-0.0987 -0.3954,-0.0987 h -0.0987 c -0.19769,0 -0.29671,0.0987 -0.39539,0.0987 l -0.1977,0.1977 -0.49421,1.08724 c -1.97678,4.74431 -4.64543,9.19211 -7.90714,13.14563 h 0.0987 c 0,0 -0.29638,0.39536 -0.88958,0.98842 -0.69181,0.79076 -1.28487,1.58149 -1.97677,2.37211 -2.9652,3.36056 -5.93037,6.62231 -8.99442,9.88399 -9.88392,10.97119 -23.72154,26.39018 -33.40776,37.26252 -0.0988,0.1977 -0.1977,0.29638 -0.39537,0.49421 -36.57071,48.72837 3.16288,88.46173 3.16288,88.46173 h -0.0988 c 11.76191,13.6399 28.46581,22.0411 46.35582,23.32612 1.58139,0.19703 3.26172,0.29672 5.0408,0.29672 h 0.0987 c 1.6803,0 3.36056,-0.0994 5.04079,-0.29672 17.98846,-1.28503 34.59367,-9.68622 46.35623,-23.32612 h -0.0994 c 0.0994,0 39.8328,-39.73332 3.26192,-88.46173 z"
       fill="#009cde"
       id="path1"
       style="fill:url(#linearGradient11);stroke:none;stroke-width:0.888073" />
    <path
       d="m 189.26645,158.00674 c -0.0277,-0.0585 -0.0588,-0.088 -0.11722,-0.14642 -2.87366,-3.2255 -6.94948,-7.79995 -9.88191,-11.05478 -0.90902,-0.96768 -1.81806,-1.93536 -2.66845,-2.93234 -0.20521,-0.23442 -0.38121,-0.46913 -0.58642,-0.70375 -0.17601,-0.17601 -0.26401,-0.29322 -0.26401,-0.29322 h 0.0277 c -0.99698,-1.17288 -1.78869,-2.49245 -2.34578,-3.89994 l -0.14682,-0.32241 c 0,-0.0277 -0.0277,-0.0277 -0.0588,-0.0585 -0.0277,0 -0.0879,-0.0277 -0.11722,-0.0277 h -0.0277 c -0.0589,0 -0.0879,0.0277 -0.11722,0.0277 l -0.0589,0.0585 -0.14681,0.32241 c -0.58646,1.40749 -1.37816,2.72706 -2.34583,3.89994 h 0.0277 c 0,0 -0.0879,0.11722 -0.264,0.29322 -0.2052,0.23441 -0.38122,0.46921 -0.58647,0.70375 -0.87966,0.99698 -1.75937,1.96466 -2.6684,2.93234 -2.93231,3.25483 -7.03754,7.82928 -9.91123,11.05478 -0.0277,0.0585 -0.0585,0.0879 -0.11722,0.14642 -10.84954,14.45641 0.93839,26.24426 0.93839,26.24426 h -0.0277 c 3.48943,4.04663 8.445,6.53903 13.75252,6.92027 0.46918,0.0584 0.96769,0.088 1.4955,0.088 h 0.0277 c 0.49854,0 0.99704,-0.0316 1.49549,-0.088 5.33672,-0.38124 10.26305,-2.87364 13.7527,-6.92027 h -0.0315 c 0.0315,0 11.81734,-11.78785 0.96773,-26.24426 z"
       fill="#009cde"
       id="path3"
       style="fill:#ffffff;fill-opacity:1;stroke-width:0.263467" />
    <path
       style="fill:#ffffff;fill-opacity:1;stroke-width:1.36638;stroke-linecap:round"
       d="m 119.87279,255.51537 c 3.0544,0 6.88045,0.22165 8.42985,-0.96411 13.41781,-10.2687 29.09544,-15.78921 42.53691,-19.81071 0.28139,-16.54506 -0.30276,-62.02785 -0.30276,-62.02785 -19.36597,6.09398 -27.77692,9.93046 -35.19819,14.83737 3.59213,-3.38464 10.81793,-11.60608 33.12989,-18.61282 -4.62842,-1.9064 -14.0159,-7.83485 -14.9563,-9.03488 -18.20446,8.12821 -32.78568,22.29425 -33.6394,32.35319 z m 0,0 c -3.0544,0 -6.88045,0.22165 -8.42985,-0.96411 -13.41781,-10.2687 -29.09544,-15.78921 -42.53691,-19.81071 -0.28139,-16.54506 0.30276,-62.02785 0.30276,-62.02785 19.36597,6.09398 27.77692,9.93046 35.19819,14.83737 -3.59213,-3.38464 -10.81793,-11.60608 -33.12989,-18.61282 4.62842,-1.9064 14.0159,-7.83485 14.9563,-9.03488 18.20446,8.12821 32.78568,22.29425 33.6394,32.35319 z"
       id="path4"
       transform="matrix(0.96370691,0,0,0.85582089,57.557052,50.829065)" />
    <path
       style="fill:url(#linearGradient16);fill-opacity:1;fill-rule:nonzero;stroke:none;stroke-width:6.2589;stroke-linecap:round;stroke-dasharray:none;stroke-opacity:1"
       d="m 125.47726,242.01687 c 0,0 0.013,0.0189 0,0 l -0.003,-0.005 c -0.013,-0.0189 0,0 0,0 0,0 -0.0721,0.0593 0,0 0.28085,-0.23102 0.85446,-0.69185 1.94285,-1.4065 0.79507,-0.52204 1.77742,-1.1218 2.93572,-1.77474 0.83798,-0.47238 1.71127,-0.94044 2.57403,-1.3809 1.66626,-0.85066 3.57565,-1.76707 5.68622,-2.70546 2.69257,-1.19716 5.57345,-2.36805 8.50061,-3.43053 2.48561,-0.90221 5.5135,-1.88 8.58846,-2.76129 2.90001,-0.83115 5.30096,-1.41154 5.5649,-1.48127 0.0301,-0.008 0.0397,-0.011 0.0477,-0.0132 3.84942,-1.06595 2.25051,-6.84008 -1.59892,-5.77414 -0.008,0.002 -0.0186,0.005 -0.0496,0.0137 -0.31766,0.0921 -2.67953,0.82223 -5.67492,1.86331 -3.30917,1.15014 -6.0031,2.18283 -8.72196,3.2344 -3.02037,1.16818 -5.91828,2.33787 -8.74604,3.53868 -2.1955,0.93232 -4.1889,1.81581 -5.96302,2.63233 -0.93275,0.42928 -1.84089,0.85005 -2.77525,1.29233 -1.2743,0.60319 -2.3742,1.14116 -3.32167,1.62347 -1.28898,0.65616 -2.08799,1.10407 -2.53243,1.37047 -0.11203,0.0671 0,0 0,0 0,0 0.013,0.019 0,0 l -0.003,-0.005 c -0.013,-0.019 0,0 0,0 -3.44556,2.36638 0.10401,7.53474 3.54958,5.16836 z m -29.302,0 c 3.445568,2.36638 6.99514,-2.80198 3.54957,-5.16836 0,0 0.01301,-0.019 0,0 l -0.0031,0.005 c -0.01301,0.019 0,0 0,0 0,0 0.112033,0.0671 0,0 -0.444436,-0.2664 -1.243447,-0.71431 -2.532429,-1.37047 -0.947467,-0.48231 -2.047372,-1.02028 -3.32167,-1.62347 -0.934363,-0.44228 -1.842503,-0.86305 -2.775245,-1.29233 -1.77412,-0.81652 -3.76752,-1.70001 -5.963023,-2.63233 -2.827764,-1.20081 -5.725672,-2.3705 -8.746039,-3.53868 -2.718863,-1.05157 -5.412791,-2.08426 -8.721963,-3.2344 -2.995393,-1.04108 -5.357262,-1.77122 -5.674921,-1.86331 -0.03103,-0.009 -0.04149,-0.0115 -0.04961,-0.0137 -3.849424,-1.06594 -5.448342,4.70819 -1.598918,5.77414 0.0079,0.002 0.01752,0.005 0.04767,0.0132 0.263937,0.0697 2.664889,0.65012 5.564898,1.48127 3.074961,0.88129 6.102848,1.85908 8.588463,2.76129 2.92716,1.06248 5.808034,2.23337 8.500611,3.43053 2.110567,0.93839 4.019958,1.8548 5.686221,2.70546 0.862761,0.44046 1.736052,0.90852 2.57403,1.3809 1.158301,0.65294 2.140652,1.2527 2.935714,1.77474 1.088391,0.71465 1.662003,1.17548 1.942855,1.4065 0.0721,0.0593 0,0 0,0 0,0 0.01302,-0.0189 0,0 l -0.0031,0.005 c -0.01301,0.0189 0,0 0,0 z m 29.302,13.12665 c 0,0 0.013,0.019 0,0 l -0.003,-0.005 c -0.013,-0.019 0,0 0,0 0,0 -0.0721,0.0593 0,0 0.28085,-0.23102 0.85446,-0.69186 1.94285,-1.4065 0.79507,-0.52204 1.77742,-1.1218 2.93572,-1.77474 0.83798,-0.47238 1.71127,-0.94044 2.57403,-1.3809 1.66626,-0.85067 3.57565,-1.76707 5.68622,-2.70546 2.69257,-1.19716 5.57345,-2.36805 8.50061,-3.43053 2.48561,-0.90222 5.5135,-1.88001 8.58846,-2.76129 2.90001,-0.83115 5.30096,-1.41154 5.5649,-1.48127 0.0301,-0.008 0.0397,-0.011 0.0477,-0.0132 3.84942,-1.06595 2.25051,-6.84009 -1.59892,-5.77414 -0.008,0.002 -0.0186,0.005 -0.0496,0.0137 -0.31766,0.0921 -2.67953,0.82223 -5.67492,1.86332 -3.30917,1.15014 -6.0031,2.18283 -8.72196,3.2344 -3.02037,1.16818 -5.91828,2.33786 -8.74604,3.53867 -2.1955,0.93233 -4.1889,1.81581 -5.96302,2.63234 -0.93275,0.42928 -1.84089,0.85005 -2.77525,1.29233 -1.2743,0.60318 -2.3742,1.14116 -3.32167,1.62347 -1.28898,0.65616 -2.08799,1.10407 -2.53243,1.37046 -0.11203,0.0672 0,0 0,0 0,0 0.013,0.0189 0,0 l -0.003,-0.005 c -0.013,-0.0189 0,0 0,0 -3.44556,2.36638 0.10401,7.53473 3.54958,5.16836 z m -29.302,0 c 3.445568,2.36637 6.99514,-2.80198 3.54957,-5.16836 0,0 0.01301,-0.0189 0,0 l -0.0031,0.005 c -0.01301,0.0189 0,0 0,0 0,0 0.112033,0.0672 0,0 -0.444436,-0.26639 -1.243447,-0.7143 -2.532429,-1.37046 -0.947467,-0.48231 -2.047372,-1.02029 -3.32167,-1.62347 -0.934363,-0.44228 -1.842503,-0.86305 -2.775245,-1.29233 -1.77412,-0.81653 -3.76752,-1.70001 -5.963023,-2.63234 -2.827764,-1.20081 -5.725672,-2.37049 -8.746039,-3.53867 -2.718863,-1.05157 -5.412791,-2.08426 -8.721963,-3.2344 -2.995393,-1.04109 -5.357262,-1.77122 -5.674921,-1.86332 -0.03103,-0.009 -0.04149,-0.0115 -0.04961,-0.0137 -3.849424,-1.06595 -5.448342,4.70819 -1.598918,5.77414 0.0079,0.002 0.01752,0.005 0.04767,0.0132 0.263937,0.0697 2.664889,0.65012 5.564898,1.48127 3.074961,0.88128 6.102848,1.85907 8.588463,2.76129 2.92716,1.06248 5.808034,2.23337 8.500611,3.43053 2.110567,0.93839 4.019958,1.85479 5.686221,2.70546 0.862761,0.44046 1.736052,0.90852 2.57403,1.3809 1.158301,0.65294 2.140652,1.2527 2.935714,1.77474 1.088391,0.71464 1.662003,1.17548 1.942855,1.4065 0.0721,0.0593 0,0 0,0 0,0 0.01302,-0.019 0,0 l -0.0031,0.005 c -0.01301,0.019 0,0 0,0 z m 29.302,13.12664 c 0,0 0.013,0.019 0,0 l -0.003,-0.005 c -0.013,-0.019 0,0 0,0 0,0 -0.0721,0.0593 0,0 0.28085,-0.23102 0.85446,-0.69186 1.94285,-1.4065 0.79507,-0.52204 1.77742,-1.1218 2.93572,-1.77474 0.83798,-0.47238 1.71127,-0.94044 2.57403,-1.3809 1.66626,-0.85067 3.57565,-1.76707 5.68622,-2.70546 2.69257,-1.19717 5.57345,-2.36805 8.50061,-3.43053 2.48561,-0.90222 5.5135,-1.88001 8.58846,-2.76129 2.90001,-0.83115 5.30096,-1.41155 5.5649,-1.48128 0.0301,-0.008 0.0397,-0.011 0.0477,-0.0132 3.84942,-1.06595 2.25051,-6.84009 -1.59892,-5.77414 -0.008,0.002 -0.0186,0.005 -0.0496,0.0137 -0.31766,0.0921 -2.67953,0.82223 -5.67492,1.86332 -3.30917,1.15014 -6.0031,2.18283 -8.72196,3.2344 -3.02037,1.16818 -5.91828,2.33786 -8.74604,3.53867 -2.1955,0.93232 -4.1889,1.81581 -5.96302,2.63233 -0.93275,0.42929 -1.84089,0.85006 -2.77525,1.29234 -1.2743,0.60318 -2.3742,1.14116 -3.32167,1.62347 -1.28898,0.65616 -2.08799,1.10407 -2.53243,1.37046 -0.11203,0.0671 0,0 0,0 0,0 0.013,0.0189 0,0 l -0.003,-0.005 c -0.013,-0.019 0,0 0,0 -3.44556,2.36638 0.10401,7.53473 3.54958,5.16835 z m -29.302,0 c 3.445568,2.36638 6.99514,-2.80197 3.54957,-5.16835 0,0 0.01301,-0.019 0,0 l -0.0031,0.005 c -0.01301,0.0189 0,0 0,0 0,0 0.112033,0.0671 0,0 -0.444436,-0.26639 -1.243447,-0.7143 -2.532429,-1.37046 -0.947467,-0.48231 -2.047372,-1.02029 -3.32167,-1.62347 -0.934363,-0.44228 -1.842503,-0.86305 -2.775245,-1.29234 -1.77412,-0.81652 -3.76752,-1.70001 -5.963023,-2.63233 -2.827764,-1.20081 -5.725672,-2.37049 -8.746039,-3.53867 -2.718863,-1.05157 -5.412791,-2.08426 -8.721963,-3.2344 -2.995393,-1.04109 -5.357262,-1.77122 -5.674921,-1.86332 -0.03103,-0.009 -0.04149,-0.0115 -0.04961,-0.0137 -3.849424,-1.06595 -5.448342,4.70819 -1.598918,5.77414 0.0079,0.002 0.01752,0.005 0.04767,0.0132 0.263937,0.0697 2.664889,0.65013 5.564898,1.48128 3.074961,0.88128 6.102848,1.85907 8.588463,2.76129 2.92716,1.06248 5.808034,2.23336 8.500611,3.43053 2.110567,0.93839 4.019958,1.85479 5.686221,2.70546 0.862761,0.44046 1.736052,0.90852 2.57403,1.3809 1.158301,0.65294 2.140652,1.2527 2.935714,1.77474 1.088391,0.71464 1.662003,1.17548 1.942855,1.4065 0.0721,0.0593 0,0 0,0 0,0 0.01302,-0.019 0,0 l -0.0031,0.005 c -0.01301,0.019 0,0 0,0 z"
       id="path5"
       transform="matrix(-0.85582089,0,0,0.85582089,267.92678,23.51008)" />
  </g>
  <g
     id="layer2"
     style="display:none">
    <g
       id="g10"
       transform="translate(-83.079106,-108.74379)">
      <path
         style="fill:none;stroke:#000000;stroke-width:0.178;stroke-linecap:round;stroke-opacity:0.392505"
         d="m 183.35881,263.03061 c 8.99925,-5.93318 21.72772,-10.82864 35.35883,-14.51346"
         id="path2" />
      <path
         style="fill:none;stroke:#000000;stroke-width:0.178;stroke-linecap:round;stroke-opacity:0.392505"
         d="m 183.35881,218.23475 c 8.99925,-5.93318 21.72772,-10.82864 35.35883,-14.51346"
         id="path8" />
      <path
         style="fill:#676767;fill-opacity:0.408815;stroke:#000000;stroke-width:0.178;stroke-linecap:round;stroke-opacity:0.392505"
         d="m 218.72314,203.68324 v 44.8262"
         id="path9" />
      <path
         style="fill:#676767;fill-opacity:0.408815;stroke:#000000;stroke-width:0.178;stroke-linecap:round;stroke-opacity:0.392505"
         d="m 183.36245,218.23683 v 44.74093"
         id="path10" />
    </g>
    <g
       id="g14"
       transform="matrix(-1,0,0,1,263.96916,-142.63356)">
      <path
         style="fill:none;stroke:#000000;stroke-width:0.178;stroke-linecap:round;stroke-opacity:0.392505"
         d="m 183.35881,263.03061 c 8.99925,-5.93318 21.72772,-10.82864 35.35883,-14.51346"
         id="path11" />
      <path
         style="fill:none;stroke:#000000;stroke-width:0.178;stroke-linecap:round;stroke-opacity:0.392505"
         d="m 183.35881,218.23475 c 8.99925,-5.93318 21.72772,-10.82864 35.35883,-14.51346"
         id="path12" />
      <path
         style="fill:#676767;fill-opacity:0.408815;stroke:#000000;stroke-width:0.178;stroke-linecap:round;stroke-opacity:0.392505"
         d="m 218.72314,203.68324 v 44.8262"
         id="path13" />
      <path
         style="fill:#676767;fill-opacity:0.408815;stroke:#000000;stroke-width:0.178;stroke-linecap:round;stroke-opacity:0.392505"
         d="m 183.36245,218.23683 v 44.74093"
         id="path14" />
    </g>
    <path
       style="fill:#676767;fill-opacity:0.408815;stroke-width:1.36638;stroke-linecap:round"
       d="m 119.87279,255.51537 c 3.0544,0 6.88045,0.22165 8.42985,-0.96411 13.41781,-10.2687 29.09544,-15.78921 42.53691,-19.81071 0.28139,-16.54506 -0.30276,-62.49623 -0.30276,-62.49623 -25.12975,9.03807 -30.48055,12.2389 -40.10038,18.18293 3.59213,-3.38464 16.46972,-12.0984 37.6527,-20.87828 -4.62842,-1.9064 -8.13036,-5.96054 -9.07076,-7.16057 -18.20446,8.12821 -32.77346,17.18442 -39.14556,24.28698 z m 0,0 c -3.0544,0 -6.88045,0.22165 -8.42985,-0.96411 -13.41781,-10.2687 -29.09544,-15.78921 -42.53691,-19.81071 -0.28139,-16.54506 0.30276,-62.49623 0.30276,-62.49623 25.12975,9.03807 30.48055,12.2389 40.10038,18.18293 -3.59213,-3.38464 -16.46972,-12.0984 -37.6527,-20.87828 4.62842,-1.9064 8.13036,-5.96054 9.07076,-7.16057 18.20446,8.12821 32.77346,17.18442 39.14556,24.28698 z"
       id="path6"
       transform="matrix(0.95367467,0,0,0.84691175,-24.319463,-108.54056)" />
  </g>
</svg>
